393232
393264
393296
25559152
393360
393392
393424
25559280
393488
393520
393552
25559408
393616
393648
393680
25559536
393744
393776
393808
25559664
393872
393904
393936
25559792
394000
394032
394064
25559920
394128
394160
394192
25560048
394256
394288
394320
25560176
394384
394416
394448
25560304
394512
394544
394576
25560432
394640
394672
394704
25560560
394768
394800
394832
25560688
394896
394928
394960
25560816
395024
395056
395088
25560944
395152
395184
395216
25561072
395280
395312
395344
25561200
395408
395440
395472
25561328
395536
395568
395600
25561456
395664
395696
395728
25561584
395792
395824
395856
25561712
395920
395952
395984
25561840
396048
396080
396112
25561968
396176
396208
396240
25562096
396304
396336
396368
25562224
396432
396464
396496
25562352
396560
396592
396624
25562480
396688
396720
396752
25562608
396816
396848
396880
25562736
396944
396976
397008
25562864
397072
397104
397136
25562992
397200
397232
397264
25563120
397328
397360
397392
25563248
397456
397488
397520
25563376
397584
397616
397648
25563504
397712
397744
397776
25563632
397840
397872
397904
25563760
397968
398000
398032
25563888
398096
398128
398160
25564016
398224
398256
398288
25564144
398352
398384
398416
25564272
398480
398512
398544
25564400
398608
398640
398672
25564528
398736
398768
398800
25564656
398864
398896
398928
25564784
398992
399024
399056
25564912
399120
399152
399184
25565040
399248
399280
399312
25565168
399376
399408
399440
25565296
399504
399536
399568
25565424
399632
399664
399696
25565552
399760
399792
399824
25565680
399888
399920
399952
25565808
400016
400048
400080
25565936
400144
400176
400208
25566064
400272
400304
400336
25566192
400400
400432
400464
25566320
400528
400560
400592
25566448
400656
400688
400720
25566576
400784
400816
400848
25566704
400912
400944
400976
25566832
401040
401072
401104
25566960
401168
401200
401232
25567088
401296
401328
401360
25567216
401424
401456
401488
25567344
401552
401584
401616
25567472
401680
401712
401744
25567600
401808
401840
401872
25567728
401936
401968
402000
25567856
402064
402096
402128
25567984
402192
402224
402256
25568112
402320
402352
402384
25568240
402448
402480
402512
25568368
402576
402608
402640
25568496
402704
402736
402768
25568624
402832
402864
402896
25568752
402960
402992
403024
25568880
403088
403120
403152
25569008
403216
403248
403280
25569136
403344
403376
403408
25569264
403472
403504
403536
25569392
403600
403632
403664
25569520
403728
403760
403792
25569648
403856
403888
403920
25569776
403984
404016
404048
25569904
404112
404144
404176
25570032
404240
404272
404304
25570160
404368
404400
404432
25570288
404496
404528
404560
25570416
404624
404656
404688
25570544
404752
404784
404816
25570672
404880
404912
404944
25570800
405008
405040
405072
25570928
405136
405168
405200
25571056
405264
405296
405328
25571184
405392
405424
405456
25571312
405520
405552
405584
25571440
405648
405680
405712
25571568
405776
405808
405840
25571696
405904
405936
405968
25571824
406032
406064
406096
25571952
406160
406192
406224
25572080
406288
406320
406352
25572208
406416
406448
406480
25572336
406544
406576
406608
25572464
406672
406704
406736
25572592
406800
406832
406864
25572720
406928
406960
406992
25572848
407056
407088
407120
25572976
407184
407216
407248
25573104
407312
407344
407376
25573232
407440
407472
407504
25573360
407568
407600
407632
25573488
407696
407728
407760
25573616
407824
407856
407888
25573744
407952
407984
408016
25573872
408080
408112
408144
25574000
408208
408240
408272
25574128
408336
408368
408400
25574256
408464
408496
408528
25574384
408592
408624
408656
25574512
408720
408752
408784
25574640
408848
408880
408912
25574768
408976
409008
409040
25574896
409104
409136
409168
25575024
409232
409264
409296
25575152
409360
409392
409424
25575280
409488
409520
409552
25575408
409616
409648
409680
25575536
409744
409776
409808
25575664
409872
409904
409936
25575792
410000
410032
410064
25575920
410128
410160
410192
25576048
410256
410288
410320
25576176
410384
410416
410448
25576304
410512
410544
410576
25576432
410640
410672
410704
25576560
410768
410800
410832
25576688
410896
410928
410960
25576816
411024
411056
411088
25576944
411152
411184
411216
25577072
411280
411312
411344
25577200
411408
411440
411472
25577328
411536
411568
411600
25577456
411664
411696
411728
25577584
411792
411824
411856
25577712
411920
411952
411984
25577840
412048
412080
412112
25577968
412176
412208
412240
25578096
412304
412336
412368
25578224
412432
412464
412496
25578352
412560
412592
412624
25578480
412688
412720
412752
25578608
412816
412848
412880
25578736
412944
412976
413008
25578864
413072
413104
413136
25578992
413200
413232
413264
25579120
413328
413360
413392
25579248
413456
413488
413520
25579376
413584
413616
413648
25579504
413712
413744
413776
25579632
413840
413872
413904
25579760
413968
414000
414032
25579888
414096
414128
414160
25580016
414224
414256
414288
25580144
414352
414384
414416
25580272
414480
414512
414544
25580400
414608
414640
414672
25580528
414736
414768
414800
25580656
414864
414896
414928
25580784
414992
415024
415056
25580912
415120
415152
415184
25581040
415248
415280
415312
25581168
415376
415408
415440
25581296
415504
415536
415568
25581424
415632
415664
415696
25581552
415760
415792
415824
25581680
415888
415920
415952
25581808
416016
416048
416080
25581936
416144
416176
416208
25582064
416272
416304
416336
25582192
416400
416432
416464
25582320
416528
416560
416592
25582448
416656
416688
416720
25582576
416784
416816
416848
25582704
416912
416944
416976
25582832
417040
417072
417104
25582960
417168
417200
417232
25583088
417296
417328
417360
25583216
417424
417456
417488
25583344
417552
417584
417616
25583472
417680
417712
417744
25583600
417808
417840
417872
25583728
417936
417968
418000
25583856
418064
418096
418128
25583984
418192
418224
418256
25584112
418320
418352
418384
25584240
418448
418480
418512
25584368
418576
418608
418640
25584496
418704
418736
418768
25584624
418832
418864
418896
25584752
418960
418992
419024
25584880
419088
419120
419152
25585008
419216
419248
419280
25585136
419344
419376
419408
25585264
419472
419504
419536
25585392
419600
419632
419664
25585520
419728
419760
419792
25585648
419856
419888
419920
25585776
419984
420016
420048
25585904
420112
420144
420176
25586032
420240
420272
420304
25586160
420368
420400
420432
25586288
420496
420528
420560
25586416
420624
420656
420688
25586544
420752
420784
420816
25586672
420880
420912
420944
25586800
421008
421040
421072
25586928
421136
421168
421200
25587056
421264
421296
421328
25587184
421392
421424
421456
25587312
421520
421552
421584
25587440
421648
421680
421712
25587568
421776
421808
421840
25587696
421904
421936
421968
25587824
422032
422064
422096
25587952
422160
422192
422224
25588080
422288
422320
422352
25588208
422416
422448
422480
25588336
422544
422576
422608
25588464
422672
422704
422736
25588592
422800
422832
422864
25588720
422928
422960
422992
25588848
423056
423088
423120
25588976
423184
423216
423248
25589104
423312
423344
423376
25589232
423440
423472
423504
25589360
423568
423600
423632
25589488
423696
423728
423760
25589616
423824
423856
423888
25589744
423952
423984
424016
25589872
424080
424112
424144
25590000
424208
424240
424272
25590128
424336
424368
424400
25590256
424464
424496
424528
25590384
424592
424624
424656
25590512
424720
424752
424784
25590640
424848
424880
424912
25590768
424976
425008
425040
25590896
425104
425136
425168
25591024
425232
425264
425296
25591152
425360
425392
425424
25591280
425488
425520
425552
25591408
425616
425648
425680
25591536
425744
425776
425808
25591664
425872
425904
425936
25591792
268861456
268861488
268861520
294027376
268861584
268861616
268861648
294027504
268861712
268861744
268861776
294027632
268861840
268861872
268861904
294027760
268861968
268862000
268862032
294027888
268862096
268862128
268862160
294028016
268862224
268862256
268862288
294028144
268862352
268862384
268862416
294028272
268862480
268862512
268862544
294028400
268862608
268862640
268862672
294028528
268862736
268862768
268862800
294028656
268862864
268862896
268862928
294028784
268862992
268863024
268863056
294028912
268863120
268863152
268863184
294029040
268863248
268863280
268863312
294029168
268863376
268863408
268863440
294029296
268863504
268863536
268863568
294029424
268863632
268863664
268863696
294029552
268863760
268863792
268863824
294029680
268863888
268863920
268863952
294029808
268864016
268864048
268864080
294029936
268864144
268864176
268864208
294030064
268864272
268864304
268864336
294030192
268864400
268864432
268864464
294030320
268864528
268864560
268864592
294030448
268864656
268864688
268864720
294030576
268864784
268864816
268864848
294030704
268864912
268864944
268864976
294030832
268865040
268865072
268865104
294030960
268865168
268865200
268865232
294031088
268865296
268865328
268865360
294031216
268865424
268865456
268865488
294031344
268865552
268865584
268865616
294031472
268865680
268865712
268865744
294031600
268865808
268865840
268865872
294031728
268865936
268865968
268866000
294031856
268866064
268866096
268866128
294031984
268866192
268866224
268866256
294032112
268866320
268866352
268866384
294032240
268866448
268866480
268866512
294032368
268866576
268866608
268866640
294032496
268866704
268866736
268866768
294032624
268866832
268866864
268866896
294032752
268866960
268866992
268867024
294032880
268867088
268867120
268867152
294033008
268867216
268867248
268867280
294033136
268867344
268867376
268867408
294033264
268867472
268867504
268867536
294033392
268867600
268867632
268867664
294033520
268867728
268867760
268867792
294033648
268867856
268867888
268867920
294033776
268867984
268868016
268868048
294033904
268868112
268868144
268868176
294034032
268868240
268868272
268868304
294034160
268868368
268868400
268868432
294034288
268868496
268868528
268868560
294034416
268868624
268868656
268868688
294034544
268868752
268868784
268868816
294034672
268868880
268868912
268868944
294034800
268869008
268869040
268869072
294034928
268869136
268869168
268869200
294035056
268869264
268869296
268869328
294035184
268869392
268869424
268869456
294035312
268869520
268869552
268869584
294035440
268869648
268869680
268869712
294035568
268869776
268869808
268869840
294035696
268869904
268869936
268869968
294035824
268870032
268870064
268870096
294035952
268870160
268870192
268870224
294036080
268870288
268870320
268870352
294036208
268870416
268870448
268870480
294036336
268870544
268870576
268870608
294036464
268870672
268870704
268870736
294036592
268870800
268870832
268870864
294036720
268870928
268870960
268870992
294036848
268871056
268871088
268871120
294036976
268871184
268871216
268871248
294037104
268871312
268871344
268871376
294037232
268871440
268871472
268871504
294037360
268871568
268871600
268871632
294037488
268871696
268871728
268871760
294037616
268871824
268871856
268871888
294037744
268871952
268871984
268872016
294037872
268872080
268872112
268872144
294038000
268872208
268872240
268872272
294038128
268872336
268872368
268872400
294038256
268872464
268872496
268872528
294038384
268872592
268872624
268872656
294038512
268872720
268872752
268872784
294038640
268872848
268872880
268872912
294038768
268872976
268873008
268873040
294038896
268873104
268873136
268873168
294039024
268873232
268873264
268873296
294039152
268873360
268873392
268873424
294039280
268873488
268873520
268873552
294039408
268873616
268873648
268873680
294039536
268873744
268873776
268873808
294039664
268873872
268873904
268873936
294039792
268874000
268874032
268874064
294039920
268874128
268874160
268874192
294040048
268874256
268874288
268874320
294040176
268874384
268874416
268874448
294040304
268874512
268874544
268874576
294040432
268874640
268874672
268874704
294040560
268874768
268874800
268874832
294040688
268874896
268874928
268874960
294040816
268875024
268875056
268875088
294040944
268875152
268875184
268875216
294041072
268875280
268875312
268875344
294041200
268875408
268875440
268875472
294041328
268875536
268875568
268875600
294041456
268875664
268875696
268875728
294041584
268875792
268875824
268875856
294041712
268875920
268875952
268875984
294041840
268876048
268876080
268876112
294041968
268876176
268876208
268876240
294042096
268876304
268876336
268876368
294042224
268876432
268876464
268876496
294042352
268876560
268876592
268876624
294042480
268876688
268876720
268876752
294042608
268876816
268876848
268876880
294042736
268876944
268876976
268877008
294042864
268877072
268877104
268877136
294042992
268877200
268877232
268877264
294043120
268877328
268877360
268877392
294043248
268877456
268877488
268877520
294043376
268877584
268877616
268877648
294043504
268877712
268877744
268877776
294043632
268877840
268877872
268877904
294043760
268877968
268878000
268878032
294043888
268878096
268878128
268878160
294044016
268878224
268878256
268878288
294044144
268878352
268878384
268878416
294044272
268878480
268878512
268878544
294044400
268878608
268878640
268878672
294044528
268878736
268878768
268878800
294044656
268878864
268878896
268878928
294044784
268878992
268879024
268879056
294044912
268879120
268879152
268879184
294045040
268879248
268879280
268879312
294045168
268879376
268879408
268879440
294045296
268879504
268879536
268879568
294045424
268879632
268879664
268879696
294045552
268879760
268879792
268879824
294045680
268879888
268879920
268879952
294045808
268880016
268880048
268880080
294045936
268880144
268880176
268880208
294046064
268880272
268880304
268880336
294046192
268880400
268880432
268880464
294046320
268880528
268880560
268880592
294046448
268880656
268880688
268880720
294046576
268880784
268880816
268880848
294046704
268880912
268880944
268880976
294046832
268881040
268881072
268881104
294046960
268881168
268881200
268881232
294047088
268881296
268881328
268881360
294047216
268881424
268881456
268881488
294047344
268881552
268881584
268881616
294047472
268881680
268881712
268881744
294047600
268881808
268881840
268881872
294047728
268881936
268881968
268882000
294047856
268882064
268882096
268882128
294047984
268882192
268882224
268882256
294048112
268882320
268882352
268882384
294048240
268882448
268882480
268882512
294048368
268882576
268882608
268882640
294048496
268882704
268882736
268882768
294048624
268882832
268882864
268882896
294048752
268882960
268882992
268883024
294048880
268883088
268883120
268883152
294049008
268883216
268883248
268883280
294049136
268883344
268883376
268883408
294049264
268883472
268883504
268883536
294049392
268883600
268883632
268883664
294049520
268883728
268883760
268883792
294049648
268883856
268883888
268883920
294049776
268883984
268884016
268884048
294049904
268884112
268884144
268884176
294050032
268884240
268884272
268884304
294050160
268884368
268884400
268884432
294050288
268884496
268884528
268884560
294050416
268884624
268884656
268884688
294050544
268884752
268884784
268884816
294050672
268884880
268884912
268884944
294050800
268885008
268885040
268885072
294050928
268885136
268885168
268885200
294051056
268885264
268885296
268885328
294051184
268885392
268885424
268885456
294051312
268885520
268885552
268885584
294051440
268885648
268885680
268885712
294051568
268885776
268885808
268885840
294051696
268885904
268885936
268885968
294051824
268886032
268886064
268886096
294051952
268886160
268886192
268886224
294052080
268886288
268886320
268886352
294052208
268886416
268886448
268886480
294052336
268886544
268886576
268886608
294052464
268886672
268886704
268886736
294052592
268886800
268886832
268886864
294052720
268886928
268886960
268886992
294052848
268887056
268887088
268887120
294052976
268887184
268887216
268887248
294053104
268887312
268887344
268887376
294053232
268887440
268887472
268887504
294053360
268887568
268887600
268887632
294053488
268887696
268887728
268887760
294053616
268887824
268887856
268887888
294053744
268887952
268887984
268888016
294053872
268888080
268888112
268888144
294054000
268888208
268888240
268888272
294054128
268888336
268888368
268888400
294054256
268888464
268888496
268888528
294054384
268888592
268888624
268888656
294054512
268888720
268888752
268888784
294054640
268888848
268888880
268888912
294054768
268888976
268889008
268889040
294054896
268889104
268889136
268889168
294055024
268889232
268889264
268889296
294055152
268889360
268889392
268889424
294055280
268889488
268889520
268889552
294055408
268889616
268889648
268889680
294055536
268889744
268889776
268889808
294055664
268889872
268889904
268889936
294055792
268890000
268890032
268890064
294055920
268890128
268890160
268890192
294056048
268890256
268890288
268890320
294056176
268890384
268890416
268890448
294056304
268890512
268890544
268890576
294056432
268890640
268890672
268890704
294056560
268890768
268890800
268890832
294056688
268890896
268890928
268890960
294056816
268891024
268891056
268891088
294056944
268891152
268891184
268891216
294057072
268891280
268891312
268891344
294057200
268891408
268891440
268891472
294057328
268891536
268891568
268891600
294057456
268891664
268891696
268891728
294057584
268891792
268891824
268891856
294057712
268891920
268891952
268891984
294057840
268892048
268892080
268892112
294057968
268892176
268892208
268892240
294058096
268892304
268892336
268892368
294058224
268892432
268892464
268892496
294058352
268892560
268892592
268892624
294058480
268892688
268892720
268892752
294058608
268892816
268892848
268892880
294058736
268892944
268892976
268893008
294058864
268893072
268893104
268893136
294058992
268893200
268893232
268893264
294059120
268893328
268893360
268893392
294059248
268893456
268893488
268893520
294059376
268893584
268893616
268893648
294059504
268893712
268893744
268893776
294059632
268893840
268893872
268893904
294059760
268893968
268894000
268894032
294059888
268894096
268894128
268894160
294060016
537329680
537329712
537329744
562495600
537329808
537329840
537329872
562495728
537329936
537329968
537330000
562495856
537330064
537330096
537330128
562495984
537330192
537330224
537330256
562496112
537330320
537330352
537330384
562496240
537330448
537330480
537330512
562496368
537330576
537330608
537330640
562496496
537330704
537330736
537330768
562496624
537330832
537330864
537330896
562496752
537330960
537330992
537331024
562496880
537331088
537331120
537331152
562497008
537331216
537331248
537331280
562497136
537331344
537331376
537331408
562497264
537331472
537331504
537331536
562497392
537331600
537331632
537331664
562497520
537331728
537331760
537331792
562497648
537331856
537331888
537331920
562497776
537331984
537332016
537332048
562497904
537332112
537332144
537332176
562498032
537332240
537332272
537332304
562498160
537332368
537332400
537332432
562498288
537332496
537332528
537332560
562498416
537332624
537332656
537332688
562498544
537332752
537332784
537332816
562498672
537332880
537332912
537332944
562498800
537333008
537333040
537333072
562498928
537333136
537333168
537333200
562499056
537333264
537333296
537333328
562499184
537333392
537333424
537333456
562499312
537333520
537333552
537333584
562499440
537333648
537333680
537333712
562499568
537333776
537333808
537333840
562499696
537333904
537333936
537333968
562499824
537334032
537334064
537334096
562499952
537334160
537334192
537334224
562500080
537334288
537334320
537334352
562500208
537334416
537334448
537334480
562500336
537334544
537334576
537334608
562500464
537334672
537334704
537334736
562500592
537334800
537334832
537334864
562500720
537334928
537334960
537334992
562500848
537335056
537335088
537335120
562500976
537335184
537335216
537335248
562501104
537335312
537335344
537335376
562501232
537335440
537335472
537335504
562501360
537335568
537335600
537335632
562501488
537335696
537335728
537335760
562501616
537335824
537335856
537335888
562501744
537335952
537335984
537336016
562501872
537336080
537336112
537336144
562502000
537336208
537336240
537336272
562502128
537336336
537336368
537336400
562502256
537336464
537336496
537336528
562502384
537336592
537336624
537336656
562502512
537336720
537336752
537336784
562502640
537336848
537336880
537336912
562502768
537336976
537337008
537337040
562502896
537337104
537337136
537337168
562503024
537337232
537337264
537337296
562503152
537337360
537337392
537337424
562503280
537337488
537337520
537337552
562503408
537337616
537337648
537337680
562503536
537337744
537337776
537337808
562503664
537337872
537337904
537337936
562503792
537338000
537338032
537338064
562503920
537338128
537338160
537338192
562504048
537338256
537338288
537338320
562504176
537338384
537338416
537338448
562504304
537338512
537338544
537338576
562504432
537338640
537338672
537338704
562504560
537338768
537338800
537338832
562504688
537338896
537338928
537338960
562504816
537339024
537339056
537339088
562504944
537339152
537339184
537339216
562505072
537339280
537339312
537339344
562505200
537339408
537339440
537339472
562505328
537339536
537339568
537339600
562505456
537339664
537339696
537339728
562505584
537339792
537339824
537339856
562505712
537339920
537339952
537339984
562505840
537340048
537340080
537340112
562505968
537340176
537340208
537340240
562506096
537340304
537340336
537340368
562506224
537340432
537340464
537340496
562506352
537340560
537340592
537340624
562506480
537340688
537340720
537340752
562506608
537340816
537340848
537340880
562506736
537340944
537340976
537341008
562506864
537341072
537341104
537341136
562506992
537341200
537341232
537341264
562507120
537341328
537341360
537341392
562507248
537341456
537341488
537341520
562507376
537341584
537341616
537341648
562507504
537341712
537341744
537341776
562507632
537341840
537341872
537341904
562507760
537341968
537342000
537342032
562507888
537342096
537342128
537342160
562508016
537342224
537342256
537342288
562508144
537342352
537342384
537342416
562508272
537342480
537342512
537342544
562508400
537342608
537342640
537342672
562508528
537342736
537342768
537342800
562508656
537342864
537342896
537342928
562508784
537342992
537343024
537343056
562508912
537343120
537343152
537343184
562509040
537343248
537343280
537343312
562509168
537343376
537343408
537343440
562509296
537343504
537343536
537343568
562509424
537343632
537343664
537343696
562509552
537343760
537343792
537343824
562509680
537343888
537343920
537343952
562509808
537344016
537344048
537344080
562509936
537344144
537344176
537344208
562510064
537344272
537344304
537344336
562510192
537344400
537344432
537344464
562510320
537344528
537344560
537344592
562510448
537344656
537344688
537344720
562510576
537344784
537344816
537344848
562510704
537344912
537344944
537344976
562510832
537345040
537345072
537345104
562510960
537345168
537345200
537345232
562511088
537345296
537345328
537345360
562511216
537345424
537345456
537345488
562511344
537345552
537345584
537345616
562511472
537345680
537345712
537345744
562511600
537345808
537345840
537345872
562511728
537345936
537345968
537346000
562511856
537346064
537346096
537346128
562511984
537346192
537346224
537346256
562512112
537346320
537346352
537346384
562512240
537346448
537346480
537346512
562512368
537346576
537346608
537346640
562512496
537346704
537346736
537346768
562512624
537346832
537346864
537346896
562512752
537346960
537346992
537347024
562512880
537347088
537347120
537347152
562513008
537347216
537347248
537347280
562513136
537347344
537347376
537347408
562513264
537347472
537347504
537347536
562513392
537347600
537347632
537347664
562513520
537347728
537347760
537347792
562513648
537347856
537347888
537347920
562513776
537347984
537348016
537348048
562513904
537348112
537348144
537348176
562514032
537348240
537348272
537348304
562514160
537348368
537348400
537348432
562514288
537348496
537348528
537348560
562514416
537348624
537348656
537348688
562514544
537348752
537348784
537348816
562514672
537348880
537348912
537348944
562514800
537349008
537349040
537349072
562514928
537349136
537349168
537349200
562515056
537349264
537349296
537349328
562515184
537349392
537349424
537349456
562515312
537349520
537349552
537349584
562515440
537349648
537349680
537349712
562515568
537349776
537349808
537349840
562515696
537349904
537349936
537349968
562515824
537350032
537350064
537350096
562515952
537350160
537350192
537350224
562516080
537350288
537350320
537350352
562516208
537350416
537350448
537350480
562516336
537350544
537350576
537350608
562516464
537350672
537350704
537350736
562516592
537350800
537350832
537350864
562516720
537350928
537350960
537350992
562516848
537351056
537351088
537351120
562516976
537351184
537351216
537351248
562517104
537351312
537351344
537351376
562517232
537351440
537351472
537351504
562517360
537351568
537351600
537351632
562517488
537351696
537351728
537351760
562517616
537351824
537351856
537351888
562517744
537351952
537351984
537352016
562517872
537352080
537352112
537352144
562518000
537352208
537352240
537352272
562518128
537352336
537352368
537352400
562518256
537352464
537352496
537352528
562518384
537352592
537352624
537352656
562518512
537352720
537352752
537352784
562518640
537352848
537352880
537352912
562518768
537352976
537353008
537353040
562518896
537353104
537353136
537353168
562519024
537353232
537353264
537353296
562519152
537353360
537353392
537353424
562519280
537353488
537353520
537353552
562519408
537353616
537353648
537353680
562519536
537353744
537353776
537353808
562519664
537353872
537353904
537353936
562519792
537354000
537354032
537354064
562519920
537354128
537354160
537354192
562520048
537354256
537354288
537354320
562520176
537354384
537354416
537354448
562520304
537354512
537354544
537354576
562520432
537354640
537354672
537354704
562520560
537354768
537354800
537354832
562520688
537354896
537354928
537354960
562520816
537355024
537355056
537355088
562520944
537355152
537355184
537355216
562521072
537355280
537355312
537355344
562521200
537355408
537355440
537355472
562521328
537355536
537355568
537355600
562521456
537355664
537355696
537355728
562521584
537355792
537355824
537355856
562521712
537355920
537355952
537355984
562521840
537356048
537356080
537356112
562521968
537356176
537356208
537356240
562522096
537356304
537356336
537356368
562522224
537356432
537356464
537356496
562522352
537356560
537356592
537356624
562522480
537356688
537356720
537356752
562522608
537356816
537356848
537356880
562522736
537356944
537356976
537357008
562522864
537357072
537357104
537357136
562522992
537357200
537357232
537357264
562523120
537357328
537357360
537357392
562523248
537357456
537357488
537357520
562523376
537357584
537357616
537357648
562523504
537357712
537357744
537357776
562523632
537357840
537357872
537357904
562523760
537357968
537358000
537358032
562523888
537358096
537358128
537358160
562524016
537358224
537358256
537358288
562524144
537358352
537358384
537358416
562524272
537358480
537358512
537358544
562524400
537358608
537358640
537358672
562524528
537358736
537358768
537358800
562524656
537358864
537358896
537358928
562524784
537358992
537359024
537359056
562524912
537359120
537359152
537359184
562525040
537359248
537359280
537359312
562525168
537359376
537359408
537359440
562525296
537359504
537359536
537359568
562525424
537359632
537359664
537359696
562525552
537359760
537359792
537359824
562525680
537359888
537359920
537359952
562525808
537360016
537360048
537360080
562525936
537360144
537360176
537360208
562526064
537360272
537360304
537360336
562526192
537360400
537360432
537360464
562526320
537360528
537360560
537360592
562526448
537360656
537360688
537360720
562526576
537360784
537360816
537360848
562526704
537360912
537360944
537360976
562526832
537361040
537361072
537361104
562526960
537361168
537361200
537361232
562527088
537361296
537361328
537361360
562527216
537361424
537361456
537361488
562527344
537361552
537361584
537361616
562527472
537361680
537361712
537361744
562527600
537361808
537361840
537361872
562527728
537361936
537361968
537362000
562527856
537362064
537362096
537362128
562527984
537362192
537362224
537362256
562528112
537362320
537362352
537362384
562528240
805797904
805797936
805797968
830963824
805798032
805798064
805798096
830963952
805798160
805798192
805798224
830964080
805798288
805798320
805798352
830964208
805798416
805798448
805798480
830964336
805798544
805798576
805798608
830964464
805798672
805798704
805798736
830964592
805798800
805798832
805798864
830964720
805798928
805798960
805798992
830964848
805799056
805799088
805799120
830964976
805799184
805799216
805799248
830965104
805799312
805799344
805799376
830965232
805799440
805799472
805799504
830965360
805799568
805799600
805799632
830965488
805799696
805799728
805799760
830965616
805799824
805799856
805799888
830965744
805799952
805799984
805800016
830965872
805800080
805800112
805800144
830966000
805800208
805800240
805800272
830966128
805800336
805800368
805800400
830966256
805800464
805800496
805800528
830966384
805800592
805800624
805800656
830966512
805800720
805800752
805800784
830966640
805800848
805800880
805800912
830966768
805800976
805801008
805801040
830966896
805801104
805801136
805801168
830967024
805801232
805801264
805801296
830967152
805801360
805801392
805801424
830967280
805801488
805801520
805801552
830967408
805801616
805801648
805801680
830967536
805801744
805801776
805801808
830967664
805801872
805801904
805801936
830967792
805802000
805802032
805802064
830967920
805802128
805802160
805802192
830968048
805802256
805802288
805802320
830968176
805802384
805802416
805802448
830968304
805802512
805802544
805802576
830968432
805802640
805802672
805802704
830968560
805802768
805802800
805802832
830968688
805802896
805802928
805802960
830968816
805803024
805803056
805803088
830968944
805803152
805803184
805803216
830969072
805803280
805803312
805803344
830969200
805803408
805803440
805803472
830969328
805803536
805803568
805803600
830969456
805803664
805803696
805803728
830969584
805803792
805803824
805803856
830969712
805803920
805803952
805803984
830969840
805804048
805804080
805804112
830969968
805804176
805804208
805804240
830970096
805804304
805804336
805804368
830970224
805804432
805804464
805804496
830970352
805804560
805804592
805804624
830970480
805804688
805804720
805804752
830970608
805804816
805804848
805804880
830970736
805804944
805804976
805805008
830970864
805805072
805805104
805805136
830970992
805805200
805805232
805805264
830971120
805805328
805805360
805805392
830971248
805805456
805805488
805805520
830971376
805805584
805805616
805805648
830971504
805805712
805805744
805805776
830971632
805805840
805805872
805805904
830971760
805805968
805806000
805806032
830971888
805806096
805806128
805806160
830972016
805806224
805806256
805806288
830972144
805806352
805806384
805806416
830972272
805806480
805806512
805806544
830972400
805806608
805806640
805806672
830972528
805806736
805806768
805806800
830972656
805806864
805806896
805806928
830972784
805806992
805807024
805807056
830972912
805807120
805807152
805807184
830973040
805807248
805807280
805807312
830973168
805807376
805807408
805807440
830973296
805807504
805807536
805807568
830973424
805807632
805807664
805807696
830973552
805807760
805807792
805807824
830973680
805807888
805807920
805807952
830973808
805808016
805808048
805808080
830973936
805808144
805808176
805808208
830974064
805808272
805808304
805808336
830974192
805808400
805808432
805808464
830974320
805808528
805808560
805808592
830974448
805808656
805808688
805808720
830974576
805808784
805808816
805808848
830974704
805808912
805808944
805808976
830974832
805809040
805809072
805809104
830974960
805809168
805809200
805809232
830975088
805809296
805809328
805809360
830975216
805809424
805809456
805809488
830975344
805809552
805809584
805809616
830975472
805809680
805809712
805809744
830975600
805809808
805809840
805809872
830975728
805809936
805809968
805810000
830975856
805810064
805810096
805810128
830975984
805810192
805810224
805810256
830976112
805810320
805810352
805810384
830976240
805810448
805810480
805810512
830976368
805810576
805810608
805810640
830976496
805810704
805810736
805810768
830976624
805810832
805810864
805810896
830976752
805810960
805810992
805811024
830976880
805811088
805811120
805811152
830977008
805811216
805811248
805811280
830977136
805811344
805811376
805811408
830977264
805811472
805811504
805811536
830977392
805811600
805811632
805811664
830977520
805811728
805811760
805811792
830977648
805811856
805811888
805811920
830977776
805811984
805812016
805812048
830977904
805812112
805812144
805812176
830978032
805812240
805812272
805812304
830978160
805812368
805812400
805812432
830978288
805812496
805812528
805812560
830978416
805812624
805812656
805812688
830978544
805812752
805812784
805812816
830978672
805812880
805812912
805812944
830978800
805813008
805813040
805813072
830978928
805813136
805813168
805813200
830979056
805813264
805813296
805813328
830979184
805813392
805813424
805813456
830979312
805813520
805813552
805813584
830979440
805813648
805813680
805813712
830979568
805813776
805813808
805813840
830979696
805813904
805813936
805813968
830979824
805814032
805814064
805814096
830979952
805814160
805814192
805814224
830980080
805814288
805814320
805814352
830980208
805814416
805814448
805814480
830980336
805814544
805814576
805814608
830980464
805814672
805814704
805814736
830980592
805814800
805814832
805814864
830980720
805814928
805814960
805814992
830980848
805815056
805815088
805815120
830980976
805815184
805815216
805815248
830981104
805815312
805815344
805815376
830981232
805815440
805815472
805815504
830981360
805815568
805815600
805815632
830981488
805815696
805815728
805815760
830981616
805815824
805815856
805815888
830981744
805815952
805815984
805816016
830981872
805816080
805816112
805816144
830982000
805816208
805816240
805816272
830982128
805816336
805816368
805816400
830982256
805816464
805816496
805816528
830982384
805816592
805816624
805816656
830982512
805816720
805816752
805816784
830982640
805816848
805816880
805816912
830982768
805816976
805817008
805817040
830982896
805817104
805817136
805817168
830983024
805817232
805817264
805817296
830983152
805817360
805817392
805817424
830983280
805817488
805817520
805817552
830983408
805817616
805817648
805817680
830983536
805817744
805817776
805817808
830983664
805817872
805817904
805817936
830983792
805818000
805818032
805818064
830983920
805818128
805818160
805818192
830984048
805818256
805818288
805818320
830984176
805818384
805818416
805818448
830984304
805818512
805818544
805818576
830984432
805818640
805818672
805818704
830984560
805818768
805818800
805818832
830984688
805818896
805818928
805818960
830984816
805819024
805819056
805819088
830984944
805819152
805819184
805819216
830985072
805819280
805819312
805819344
830985200
805819408
805819440
805819472
830985328
805819536
805819568
805819600
830985456
805819664
805819696
805819728
830985584
805819792
805819824
805819856
830985712
805819920
805819952
805819984
830985840
805820048
805820080
805820112
830985968
805820176
805820208
805820240
830986096
805820304
805820336
805820368
830986224
805820432
805820464
805820496
830986352
805820560
805820592
805820624
830986480
805820688
805820720
805820752
830986608
805820816
805820848
805820880
830986736
805820944
805820976
805821008
830986864
805821072
805821104
805821136
830986992
805821200
805821232
805821264
830987120
805821328
805821360
805821392
830987248
805821456
805821488
805821520
830987376
805821584
805821616
805821648
830987504
805821712
805821744
805821776
830987632
805821840
805821872
805821904
830987760
805821968
805822000
805822032
830987888
805822096
805822128
805822160
830988016
805822224
805822256
805822288
830988144
805822352
805822384
805822416
830988272
805822480
805822512
805822544
830988400
805822608
805822640
805822672
830988528
805822736
805822768
805822800
830988656
805822864
805822896
805822928
830988784
805822992
805823024
805823056
830988912
805823120
805823152
805823184
830989040
805823248
805823280
805823312
830989168
805823376
805823408
805823440
830989296
805823504
805823536
805823568
830989424
805823632
805823664
805823696
830989552
805823760
805823792
805823824
830989680
805823888
805823920
805823952
830989808
805824016
805824048
805824080
830989936
805824144
805824176
805824208
830990064
805824272
805824304
805824336
830990192
805824400
805824432
805824464
830990320
805824528
805824560
805824592
830990448
805824656
805824688
805824720
830990576
805824784
805824816
805824848
830990704
805824912
805824944
805824976
830990832
805825040
805825072
805825104
830990960
805825168
805825200
805825232
830991088
805825296
805825328
805825360
830991216
805825424
805825456
805825488
830991344
805825552
805825584
805825616
830991472
805825680
805825712
805825744
830991600
805825808
805825840
805825872
830991728
805825936
805825968
805826000
830991856
805826064
805826096
805826128
830991984
805826192
805826224
805826256
830992112
805826320
805826352
805826384
830992240
805826448
805826480
805826512
830992368
805826576
805826608
805826640
830992496
805826704
805826736
805826768
830992624
805826832
805826864
805826896
830992752
805826960
805826992
805827024
830992880
805827088
805827120
805827152
830993008
805827216
805827248
805827280
830993136
805827344
805827376
805827408
830993264
805827472
805827504
805827536
830993392
805827600
805827632
805827664
830993520
805827728
805827760
805827792
830993648
805827856
805827888
805827920
830993776
805827984
805828016
805828048
830993904
805828112
805828144
805828176
830994032
805828240
805828272
805828304
830994160
805828368
805828400
805828432
830994288
805828496
805828528
805828560
830994416
805828624
805828656
805828688
830994544
805828752
805828784
805828816
830994672
805828880
805828912
805828944
830994800
805829008
805829040
805829072
830994928
805829136
805829168
805829200
830995056
805829264
805829296
805829328
830995184
805829392
805829424
805829456
830995312
805829520
805829552
805829584
830995440
805829648
805829680
805829712
830995568
805829776
805829808
805829840
830995696
805829904
805829936
805829968
830995824
805830032
805830064
805830096
830995952
805830160
805830192
805830224
830996080
805830288
805830320
805830352
830996208
805830416
805830448
805830480
830996336
805830544
805830576
805830608
830996464
